f00,f01,f02,f03,f04,f05,f06,f07,f08,f09,f10,f11,f12,f13,f14,f15,f16,f17,f18,f19,f20,f21,f22,f23,f24,f25,f26,f27,f28,f29,f30,f31,f32,f33,f34,f35,f36,f37,f38,f39,f40,f41,f42,f43,f44,f45,f46,f47,f48,f49,f50,f51
-0.4145210726738897,0.10771263857351464,-0.8447554490368342,-0.33006543914570446,-0.8787846491866645,-0.81989327694603,-0.4203120575023997,-0.26692864976931696,-0.07665933443524618,-0.8447537116604892,-0.49003354765293294,-0.779761648345334,-0.9776908981890907,-0.2451633415963562,-0.8816151929395983,-0.7569495781945712,-0.7979579991704965,-0.7596949572857912,-0.8437783497365552,-0.7904737375961619,-0.8439647866216964,-0.4527082123541605,-0.1758155719021918,-0.4527509181019885,-0.2605678595385684,-0.1599252066061401,-0.26297799998123456,-0.26764445562452643,0.04144131076267334,-0.04567709900148546,-0.05918145462563509,0.0399442968061055,-0.05983801420354329,0.041526548651745106,-0.05417203383520163,0.13532244304430197,-0.06264204719591754,0.015474565187715854,0.1323185692568148,0.07417877145136745,0.17437176300598628,0.1206048874028485,0.1943766661917737,-0.5182610610276034,-0.2042020898024594,0.02198343512755754,-0.6952189563655975,-0.5672863759006459,-0.7069299411709532,0.030101529610476813,-0.02922377987677038,0.010930523876587963
-0.06833258354303239,-1.0214971246398077,0.8817133353255706,0.3800527079163875,0.6980249710779142,1.0590075172886932,0.3352116797982581,0.2771283318066249,0.044541418514788926,0.8809818429513432,0.09122555176618473,0.17099961498943023,0.7673590895620451,0.06150323132630393,0.5782346295854351,0.646311757728533,0.8377775406097024,0.620603793982962,0.5420559213734042,0.4223090213110619,0.5419784666834332,0.18369062067779404,-0.16598291600170373,0.18346603993025462,-0.19559277890601176,-0.15959416679184596,-0.1979981192055794,-0.1460485211194002,-0.2923449497802277,-0.04567709900148546,-0.27556711013815915,-0.2914412356376944,-0.276194195881368,-0.2922580391119935,-0.2652830004890646,-0.2512310521986345,-0.06264204719591754,-0.31709411755197203,-0.24990001420885766,-0.3301223375732232,-0.25341174525613586,-0.30409700161957415,0.1943766661917737,0.8063400191925161,0.298040424219757,0.02198343512755754,1.2660589660505588,0.72271333235278,0.35583186278659285,0.34917338725440056,-0.02922377987677038,0.010930523876587963
-0.06833258354303239,-0.6450938702353669,0.7448575104361443,0.27598889405128973,0.5918935543293368,0.7931906891871222,0.2711041448410089,0.2249100924705042,0.04046254702127813,0.6376407143873726,0.09122555176618473,-0.0018660692532541684,0.7631541498325243,-0.040718959647916116,0.40897667914775004,0.7799556944831143,0.636776139535017,0.2926120115032582,-0.044258577942347894,-0.09079137668814817,-0.04438214048412163,-0.24585556243462187,-0.524542967394784,-0.24595738413881513,-0.2605678595385684,-0.15975968669899301,-0.24131803972268284,-0.10982979175537703,0.04144131076267334,-0.04567709900148546,0.157204200886889,0.0399442968061055,0.1565181674742814,0.041526548651745106,-0.05417203383520163,0.30449524465231786,-0.06264204719591754,0.35888497198756997,0.2995942229173714,0.33420998092127696,0.28770176966545197,0.10820459488351251,0.1943766661917737,0.8063400191925161,0.298040424219757,0.02198343512755754,1.2660589660505588,0.72271333235278,0.35583186278659285,0.34917338725440056,-0.02922377987677038,0.010930523876587963
-0.06833258354303239,0.48411589297795543,-0.8140414622173715,-0.3388265264442864,-0.5998106394475468,-0.7604253297199207,-0.3420268946219127,-0.2736409563491585,-0.07520259461613518,-0.7019770290846901,-0.10252748137352116,-0.7199235268767125,-0.7253945144178421,0.06150323132630393,-0.42673445113831976,-0.28919579955353647,-0.7633025851921025,-0.6230317145859147,-0.7904770316169414,-0.6505372654145591,-0.7906592768791915,-0.5856966905182533,-0.3315959099714964,-0.5857013897862259,-0.2605678595385684,-0.1599252066061401,-0.26297799998123456,-0.26764445562452643,0.3752275713055744,-0.04567709900148546,0.157204200886889,0.3713298292499054,0.1565181674742814,0.3753111364154837,0.15693893281866134,0.4723724384562384,-0.06264204719591754,0.3054532469769444,0.46558879805787184,0.2816988524707245,0.46644182765774533,0.2737500577137187,0.1943766661917737,-0.5182610610276034,-0.2042020898024594,0.02198343512755754,-0.6952189563655975,-0.5672863759006459,-0.35267600651843783,0.030101529610476813,-0.02922377987677038,0.010930523876587963
0.4509501501532536,-0.6450938702353669,1.2967708122756691,0.4695226259863228,1.3378457977621951,1.3016450765961305,0.6045866103397763,0.34567570489990757,0.0631876881994097,1.370147172819733,0.8662376843250083,1.4276001658304822,1.4779939038510619,0.6748363771716241,1.0225367494843582,1.5149973466333118,1.038778941684388,1.8369066540118633,1.501479647526453,1.401864326582281,1.501477642048523,0.6685983903410689,0.22487786394891204,0.6682352288861335,0.06430754362421479,-0.15893208716325766,0.06192140389704138,-0.2155319121609615,-0.6261312103231287,-0.04567709900148546,-0.49195276565068324,-0.6228267680814943,-0.4925503775591927,-0.6260426268757321,-0.4763939671429276,-0.7121175652743036,-0.06264204719591754,-0.7136147089638643,-0.7056180256460712,-0.8280824192337137,-0.7723381186430546,-0.8343002262209962,0.1943766661917737,0.8063400191925161,0.298040424219757,0.02198343512755754,1.2660589660505588,0.72271333235278,0.7100857974391082,0.34917338725440056,-0.02922377987677038,0.010930523876587963
-0.24142682810846106,-1.0214971246398077,1.5544403452090083,0.558921281535997,0.8466089545259226,1.4900058528522104,0.44020831557759893,0.41416848021698477,0.06027420856118771,0.9306432977603167,-0.10252748137352116,0.8225702709810868,1.1121641473827515,-0.14294115062213616,0.810964311437252,0.646311757728533,0.8724329545880964,1.768575032661925,0.9151651482107009,0.7488274564014683,0.9151170348809681,0.5011829956299044,0.06399735358966348,0.5008676794463371,-0.13061769827345512,-0.15942864688469888,-0.1330182384299242,-0.17644750465448478,-0.6261312103231287,-0.04567709900148546,-0.49195276565068324,-0.6228267680814943,-0.4925503775591927,-0.6260426268757321,-0.4763939671429276,-0.5052341126753166,-0.06264204719591754,-0.5356239310813791,-0.5010546180763724,-0.505660263873515,-0.48420531779857423,-0.4481875721976842,0.1943766661917737,0.8063400191925161,0.298040424219757,0.02198343512755754,1.2660589660505588,0.72271333235278,0.35583186278659285,0.34917338725440056,-0.02922377987677038,0.010930523876587963
-0.760709561804747,0.10771263857351464,-0.7426522015119417,-0.28653018372745387,-1.0880151564910028,-0.7775309747613608,-0.4698310187995056,-0.23357411608645917,-0.07782472629053498,-0.9366274030570904,-0.8775396139323447,-0.7132748467135323,-1.1122489695337565,-1.0629408693901166,-0.9450869243537302,-1.1578813884583152,-0.888062075514321,-1.128685712575458,-1.0036823040953966,-1.0237011912321665,-1.0038813158492115,-0.4816441811793391,-0.18865589746556025,-0.481678617381328,-0.2605678595385684,-0.1599252066061401,-0.26297799998123456,-0.26764445562452643,-0.2923449497802277,-0.04567709900148546,-0.27556711013815915,-0.2914412356376944,-0.276194195881368,-0.2922580391119935,-0.2652830004890646,-0.2549459918970412,-0.06264204719591754,-0.3202902407720713,-0.25357329360397224,-0.16610763129660738,-0.16381464294343737,-0.05672108815351385,0.1943766661917737,-0.5182610610276034,-0.2042020898024594,0.02198343512755754,-0.6952189563655975,-0.5672863759006459,-0.7069299411709532,0.030101529610476813,-0.02922377987677038,0.010930523876587963
-0.760709561804747,0.10771263857351464,-0.7937038252743874,-0.2925707238294761,-1.112273766033535,-0.8151863539005464,-0.47496784051082364,-0.23820207557262518,-0.08102955389257918,-0.9440766212784364,-0.8775396139323447,-0.7265722070398926,-1.1332736681813607,-1.0629408693901166,-0.9239296805490196,-1.1578813884583152,-0.9019242411056787,-1.128685712575458,-0.9503809859757829,-0.9770557005049655,-0.9505758061067063,-0.41002231193906036,-0.12470664767718144,-0.41007721679493625,-0.2605678595385684,-0.1599252066061401,-0.26297799998123456,-0.26764445562452643,1.0428000923913763,-0.04567709900148546,0.5899755119119371,1.0341008941375052,0.5892305308299308,1.0428803119429608,0.5791608661263873,1.3560395887843069,-0.06264204719591754,1.0657102975056048,1.339346274345272,1.1800932145039937,1.4299373293347413,1.2059193271731992,0.1943766661917737,-0.5182610610276034,-0.2042020898024594,0.02198343512755754,-0.6952189563655975,-0.5672863759006459,-1.415437810475984,-0.2889703280334469,-0.02922377987677038,0.010930523876587963
-0.5876153172393184,0.10771263857351464,-0.8116166746127257,-0.2946372242730626,-0.9636897825855264,-0.7694796600797674,-0.432640429609563,-0.23978532478040063,-0.07549394257995738,-0.8882074846183411,-0.6837865807926388,-0.6401393649185504,-1.0323551146728611,-0.4496077235447963,-0.8816151929395983,-0.9574154833264432,-0.7979579991704965,-0.8280265786357295,-0.8970796678561691,-0.8837647190505638,-0.8972702963642014,-0.44757264761238075,-0.17728573325452093,-0.44761682104177486,-0.2605678595385684,-0.1599252066061401,-0.26297799998123456,-0.26764445562452643,0.04144131076267334,-0.04567709900148546,-0.05918145462563509,0.0399442968061055,-0.05983801420354329,0.041526548651745106,-0.05417203383520163,0.1565084397777632,-0.06264204719591754,0.033701794052239435,0.15326698069384703,0.13372801732858544,0.21868583476383094,0.19988003228417645,0.1943766661917737,-0.5182610610276034,-0.2042020898024594,0.02198343512755754,-0.6952189563655975,-0.5672863759006459,-1.0611838758234684,-0.2889703280334469,-0.02922377987677038,0.010930523876587963
-0.06833258354303239,0.8605191473823962,-0.259971692453531,0.14529359728226074,0.14614160398531167,0.28451147143441746,0.11432834621158226,0.14260402155369545,-0.011106042575251234,0.14971692088920702,0.09122555176618473,1.0818687973451133,-0.2502363249819907,-0.040718959647916116,0.5993918733901458,0.044914042332916904,0.345670662116507,0.7299343881428632,1.0217677844499284,0.8421184378558701,1.0217280543659781,0.9959375294988456,0.7229524301402751,0.9954808185231542,-0.13061769827345512,-0.15926312697755182,-0.1330182384299242,-0.024452586249486055,3.7130901767345845,-0.04567709900148546,2.537446411524654,3.685185153687904,2.536436165930353,3.7131570140528694,2.479159566011154,3.4701557968877825,-0.06264204719591754,3.1613597472446617,3.429754231555161,3.117806550443576,3.448689808173744,2.9686377395633334,0.1943766661917737,0.1440394790824564,0.298040424219757,0.02198343512755754,-0.6952189563655975,0.72271333235278,1.4185936667441388,0.030101529610476813,-0.02922377987677038,0.010930523876587963
0.27785590558782497,-1.0214971246398077,0.5580916057167632,0.2982833947921987,1.0891950499512424,1.1768270448015905,0.3736351061989171,0.21448077679350913,0.04803759408065532,0.836286533623267,0.4787316180455965,0.3438652992321146,0.8430480046934197,0.4703919952231841,0.8003856895348967,1.047243567992277,0.8655018717924177,0.9075966036527027,1.3415756931676115,1.2152823636734775,1.341561112821008,0.6798829874483536,0.25731585767239873,0.6795166009936396,-0.13061769827345512,-0.15942864688469888,-0.1330182384299242,-0.17644750465448478,-0.6261312103231287,-0.04567709900148546,-0.49195276565068324,-0.6228267680814943,-0.4925503775591927,-0.6260426268757321,-0.4763939671429276,-0.7121175652743036,-0.06264204719591754,-0.7136147089638643,-0.7056180256460712,-0.7936705952149846,-0.7531322182845516,-0.7827629938859747,0.1943766661917737,0.8063400191925161,0.298040424219757,0.02198343512755754,1.2660589660505588,0.72271333235278,0.001577928134077516,0.34917338725440056,-0.02922377987677038,0.010930523876587963
-0.4145210726738897,0.10771263857351464,-0.8608999800696614,-0.32708543976731996,-0.857558365836949,-0.788634483659794,-0.4176409102125143,-0.26464552339998015,-0.07403720276084638,-0.8509613935116109,-0.49003354765293294,-0.7598156078557935,-0.9861007776481323,-0.2451633415963562,-0.8816151929395983,-0.7569495781945712,-0.7910269163748177,-0.7870276058257665,-0.8437783497365552,-0.7904737375961619,-0.8439647866216964,-0.4647469727357674,-0.19615702342911148,-0.46478623795318075,-0.2605678595385684,-0.1599252066061401,-0.26297799998123456,-0.26764445562452643,0.04144131076267334,-0.04567709900148546,-0.05918145462563509,0.0399442968061055,-0.05983801420354329,0.041526548651745106,-0.05417203383520163,0.13532244304430197,-0.06264204719591754,0.015474565187715854,0.1323185692568148,0.07417877145136745,0.17437176300598628,0.1206048874028485,0.1943766661917737,-0.5182610610276034,-0.2042020898024594,0.02198343512755754,-0.6952189563655975,-0.5672863759006459,0.001577928134077516,0.030101529610476813,-0.02922377987677038,0.010930523876587963
0.10476166102239629,-1.0214971246398077,1.2150934893520393,0.523100909135942,1.1892618143141869,1.5229213760210627,0.5328765792497764,0.38672470375876106,0.06056555652500991,1.2062643719501203,0.2849785849058906,1.1217608783241944,1.2719518571045423,0.6748363771716241,0.9379077742655157,1.047243567992277,0.9001572857708118,1.8095740054718878,1.501479647526453,1.3085733451278792,1.501477642048523,0.7607675923637969,0.2588334882463822,0.7603780900786757,-0.06564261764089849,-0.15926312697755182,-0.06803835765426901,-0.19468689484849314,-0.6261312103231287,-0.04567709900148546,-0.49195276565068324,-0.6228267680814943,-0.4925503775591927,-0.6260426268757321,-0.4763939671429276,-0.7121175652743036,-0.06264204719591754,-0.7136147089638643,-0.7056180256460712,-0.7576201214355881,-0.7330117564333881,-0.7287716207861362,0.1943766661917737,0.8063400191925161,0.298040424219757,0.02198343512755754,1.2660589660505588,0.72271333235278,0.35583186278659285,0.34917338725440056,-0.02922377987677038,0.010930523876587963
-0.4145210726738897,0.48411589297795543,-0.9416226339745213,-0.2938469819988797,-0.887881627765114,-0.8332899031377199,-0.38764187141841694,-0.20031126751657205,-0.07403720276084638,-0.7094262473060361,-0.6837865807926388,-0.2079751543118394,-1.0281501749433404,-0.7562742964674564,-0.7229358644042686,-0.9574154833264432,-0.8118201647618541,-1.0603540912255196,-0.7904770316169414,-0.7904737375961619,-0.7906592768791915,-0.33724685140914334,-0.0998660039853086,-0.33732255460118177,-0.06564261764089849,-0.15744240799893403,-0.06803835765426901,-0.08525055368444313,-0.6261312103231287,-0.04567709900148546,-0.27556711013815915,-0.6228267680814943,-0.276194195881368,-0.6260426268757321,-0.2652830004890646,-0.7121175652743036,-0.06264204719591754,-0.3303754712825644,-0.7056180256460712,-0.22102258150108264,-0.6664594888906334,-0.13348210833797394,0.1943766661917737,-0.5182610610276034,-0.2042020898024594,0.02198343512755754,-0.6952189563655975,-0.5672863759006459,-1.0611838758234684,0.030101529610476813,-0.02922377987677038,0.010930523876587963
-0.06833258354303239,0.48411589297795543,-0.6911855212358893,-0.32552555208271733,-0.5907136608690973,-0.7476821965543057,-0.32949304964629667,-0.2634504155312494,-0.07432855072466858,-0.6845955199015493,-0.10252748137352116,-0.6534367252449107,-0.66232041847503,0.06150323132630393,-0.40557720733360914,-0.28919579955353647,-0.7563715023964237,-0.6230317145859147,-0.7904770316169414,-0.6505372654145591,-0.7906592768791915,-0.5911062412878363,-0.34086071530794054,-0.5911093945723883,-0.2605678595385684,-0.1599252066061401,-0.26297799998123456,-0.26764445562452643,-0.2923449497802277,-0.04567709900148546,-0.27556711013815915,-0.2914412356376944,-0.276194195881368,-0.2922580391119935,-0.2652830004890646,-0.2984861309880775,-0.06264204719591754,-0.3577497046807044,-0.29662516221226254,-0.3700774509923134,-0.3004219538147801,-0.3418334279439884,0.1943766661917737,-0.5182610610276034,-0.2042020898024594,0.02198343512755754,-0.6952189563655975,-0.5672863759006459,0.001577928134077516,-0.2889703280334469,-0.02922377987677038,0.010930523876587963
-0.4145210726738897,0.10771263857351464,-1.2806577806267891,-0.5070315738199105,-1.4640236044002486,-1.6817428610273728,-0.5789371119479009,-0.4025112446802333,-0.08015551000111258,-1.2557022502047457,-0.6837865807926388,-1.1454390573202433,-1.347725594386922,-0.6540521054932363,-1.6326973480068256,-1.4251692619674778,-1.1306499733630793,-1.3200142523552851,4.433052144105213,4.060657298032734,4.433280677886297,7.267297315578054,7.444034771881332,7.265048326709819,-0.32554294017112506,-0.16009072651328718,-0.32795788075688975,-0.26764445562452643,-0.6261312103231287,-0.04567709900148546,-0.49195276565068324,-0.6228267680814943,-0.4925503775591927,-0.6260426268757321,-0.6875049337967906,-0.7121175652743036,-0.06264204719591754,-0.7136147089638643,-0.7056180256460712,-0.6383762128211699,-0.6664594888906334,-0.9668874355162432,0.1943766661917737,-0.5182610610276034,-0.2042020898024594,0.02198343512755754,-0.6952189563655975,-0.5672863759006459,-1.7696917451284992,0.34917338725440056,-0.02922377987677038,0.010930523876587963
0.797138639284111,0.8605191473823962,-1.0090085014561296,-0.3718751334993438,-0.09644449144000813,-0.8766833210927867,-0.1614162432519703,-0.2674672336258859,-0.004987735334985039,-0.5405773009555259,0.6724846511853023,-0.17473175349593856,-0.41002403470378146,0.9815029500942843,0.31376908202655224,0.31220191584207957,-0.596956598095811,-0.2677072835662356,-0.36406648666003083,-0.09079137668814817,-0.36421519893915155,-0.39701434487596643,-0.1681295137626116,-0.3970729672496677,3.5079868171497166,2.8960688390502414,3.505855085006767,3.076243747826294,-0.6261312103231287,-0.04567709900148546,-0.27556711013815915,-0.6228267680814943,-0.276194195881368,-0.6260426268757321,-0.2652830004890646,-0.7121175652743036,-0.06264204719591754,-0.38869449675961487,-0.7056180256460712,-0.5385742649362062,-0.80824477269397,-0.5773610278265315,0.1943766661917737,-0.5182610610276034,-0.2042020898024594,0.02198343512755754,-0.6952189563655975,-0.5672863759006459,0.35583186278659285,-0.2889703280334469,-0.02922377987677038,0.010930523876587963
-0.24142682810846106,-0.6450938702353669,1.0726572888230312,0.41888586267126676,0.6404107734144008,1.1916100652760706,0.3113768270577424,0.30688035130988606,0.042501982768033526,0.6711621963834298,-0.10252748137352116,0.46354154216935767,0.7883837882096492,-0.2451633415963562,0.4830270324642373,0.5794897893512423,0.6229139739436593,0.5522721726330236,-0.09755989606196172,-0.18408235814255,-0.09768765022662662,-0.39775101968042914,-0.7166613902175631,-0.397809431521485,-0.19559277890601176,-0.15959416679184596,-0.1979981192055794,-0.1460485211194002,-0.2923449497802277,-0.04567709900148546,-0.27556711013815915,-0.2914412356376944,-0.276194195881368,-0.2922580391119935,-0.4763939671429276,-0.2883975611150008,-0.06264204719591754,-0.34907007188807415,-0.2866497281946282,-0.3228161413818497,-0.26876902724754737,-0.6721465289076191,0.1943766661917737,0.8063400191925161,0.298040424219757,0.02198343512755754,1.2660589660505588,0.72271333235278,0.35583186278659285,0.34917338725440056,-0.02922377987677038,0.010930523876587963
-0.06833258354303239,0.48411589297795543,-1.1211813178192624,-0.38483481445797574,-0.7332329919314726,-0.9473245946696985,-0.385381669865437,-0.3088902038268683,-0.0693756353396912,-0.8199229842560024,-0.10252748137352116,-0.48057104100222636,-0.9650760790005283,0.16372542230052398,-0.7123572425019132,-0.7569495781945712,-0.707853922826672,-0.8143602543657418,-0.5772717591384862,-0.46395530250575545,-0.5774372379091715,-0.205131069481756,0.10506703190577592,-0.20524452974774354,-0.13061769827345512,-0.15661480846319867,-0.1330182384299242,-0.17644750465448478,0.04144131076267334,-0.04567709900148546,-0.05918145462563509,0.0399442968061055,-0.05983801420354329,0.041526548651745106,-0.05417203383520163,0.09590662708785337,-0.06264204719591754,-0.018436565232946445,0.0933447725471271,-0.036610499356529325,0.09192696143904569,-0.026883737985426603,0.1943766661917737,-0.5182610610276034,-0.2042020898024594,0.02198343512755754,-0.6952189563655975,-0.5672863759006459,-0.7069299411709532,0.030101529610476813,-0.02922377987677038,0.010930523876587963
0.27785590558782497,0.8605191473823962,-1.2547514408790321,-0.42827215453685924,-0.5361317893984002,-0.994049410471753,-0.3442870961748926,-0.34216971967754367,-0.069084287375869,-0.7168754655273821,0.2849785849058906,-0.5537065227972082,-0.8767723446805913,0.4703919952231841,-0.7229358644042686,-0.28919579955353647,-0.77716475078346,-0.65036436312589,-0.7904770316169414,-0.5572462839601573,-0.7906592768791915,-0.6196303674431693,-0.2717714388622706,-0.6196253688814781,-0.19559277890601176,-0.15975968669899301,-0.1979981192055794,-0.26764445562452643,-0.2923449497802277,-0.04567709900148546,-0.27556711013815915,-0.2914412356376944,-0.276194195881368,-0.2922580391119935,-0.2652830004890646,-0.31728755823994964,-0.06264204719591754,-0.373925385334818,-0.31521574535219016,-0.4581553232399702,-0.3594114698761212,-0.4649501315760912,0.1943766661917737,-0.5182610610276034,-0.2042020898024594,0.02198343512755754,-0.6952189563655975,-0.5672863759006459,0.001577928134077516,-0.2889703280334469,-0.02922377987677038,0.010930523876587963
-0.06833258354303239,0.48411589297795543,-0.5376155934349434,-0.31157043173418614,-0.5725197037121983,-0.7221959337061961,-0.3163427860653225,-0.25275870079932466,-0.07258046294173538,-0.6436248196841461,-0.10252748137352116,-0.7066261665503522,-0.5445821060484474,0.06150323132630393,-0.40557720733360914,-0.28919579955353647,-0.7633025851921025,-0.6230317145859147,-0.7371757134973276,-0.6038917746873582,-0.7373537671366864,-0.5389325221132654,-0.3030599851622329,-0.5389505860083768,-0.2605678595385684,-0.1599252066061401,-0.26297799998123456,-0.26764445562452643,0.04144131076267334,-0.04567709900148546,-0.05918145462563509,0.0399442968061055,-0.05983801420354329,0.041526548651745106,-0.05417203383520163,0.09590662708785337,-0.06264204719591754,-0.018436565232946445,0.0933447725471271,-0.036610499356529325,0.09192696143904569,-0.026883737985426603,0.1943766661917737,-0.5182610610276034,-0.2042020898024594,0.02198343512755754,-0.6952189563655975,-0.5672863759006459,0.35583186278659285,0.030101529610476813,-0.02922377987677038,0.010930523876587963
-0.4145210726738897,0.10771263857351464,0.027049211624528436,-0.23883160294532338,-0.7514269490883716,-0.632340517228617,-0.33853385585821644,-0.1970298508917929,-0.07491124665231298,-0.7069431745655874,-0.49003354765293294,-0.7864103285085141,-0.41002403470378146,-0.34738553257057625,-0.45847031684538575,-0.6901276098172805,-0.7840958335791389,-0.7323623087458159,-0.7371757134973276,-0.6971827561417601,-0.7373537671366864,-0.4273914931618101,-0.2368433877803627,-0.4274414341182161,-0.2605678595385684,-0.1599252066061401,-0.26297799998123456,-0.26764445562452643,1.0428000923913763,-0.04567709900148546,0.5899755119119371,1.0341008941375052,0.5892305308299308,1.0428803119429608,0.5791608661263873,1.2620324525249462,-0.06264204719591754,0.9848318942350367,1.2463933586456337,1.021553044458211,1.2922951070228395,1.012450230752125,0.1943766661917737,-0.5182610610276034,-0.2042020898024594,0.02198343512755754,-0.6952189563655975,-0.5672863759006459,0.001577928134077516,0.030101529610476813,-0.02922377987677038,0.010930523876587963
0.4509501501532536,0.8605191473823962,-0.9019951492272859,-0.34590319991778884,-0.3238689559012454,-0.8673904037962553,-0.21977053789254328,-0.24564125134991607,-0.010523346647606836,-0.6125864104285377,0.2849785849058906,-0.547057842634028,-0.5361722265894058,0.5726141861974041,0.09161802207709063,0.11173601071020757,-0.6939917572353144,-0.32237258064618624,-0.8437783497365552,-0.6038917746873582,-0.8439647866216964,-0.8000737006181936,-0.5363134553751114,-0.8000171335597269,3.3780366558846033,2.894910199700212,3.3758953234554565,3.6720638262812733,-0.6261312103231287,-0.04567709900148546,-0.27556711013815915,-0.6228267680814943,-0.276194195881368,-0.6260426268757321,-0.2652830004890646,-0.7121175652743036,-0.06264204719591754,-0.373925385334818,-0.7056180256460712,-0.4581553232399702,-0.7723381186430546,-0.4649501315760912,0.1943766661917737,-0.5182610610276034,-0.2042020898024594,0.02198343512755754,-0.6952189563655975,-0.5672863759006459,0.001577928134077516,0.34917338725440056,-0.02922377987677038,0.010930523876587963
0.797138639284111,1.6133256561912779,-0.9953207473502034,-0.44669903826177554,-0.2268345177311175,-1.0394814461374704,-0.24072877047472088,-0.3562874756885757,-0.064714067918536,-0.5678911011004614,0.8662376843250083,-0.4207329195336048,-0.44366355253994794,1.0837251410685043,-0.024746818848817832,0.31220191584207957,-0.6593363432569204,-0.47270214761605045,-0.09755989606196172,0.18908156767505732,-0.09768765022662662,-0.030477499365487038,0.2717864543169691,-0.030640873484809542,-0.2605678595385684,-0.1599252066061401,-0.26297799998123456,-0.26764445562452643,-0.6261312103231287,-0.04567709900148546,-0.49195276565068324,-0.6228267680814943,-0.4925503775591927,-0.6260426268757321,-0.4763939671429276,-0.7121175652743036,-0.06264204719591754,-0.7136147089638643,-0.7056180256460712,-0.8924175628246274,-0.80824477269397,-0.9306524113989423,0.1943766661917737,-0.5182610610276034,-0.2042020898024594,0.02198343512755754,-0.6952189563655975,-0.5672863759006459,0.001577928134077516,0.030101529610476813,-0.02922377987677038,0.010930523876587963
-0.24142682810846106,-1.0214971246398077,1.3524366845302351,0.4644130491072019,0.6131198376790523,1.0586189610223065,0.3802102379894042,0.34176100283872834,0.0655184719099873,0.9641647797563739,-0.10252748137352116,0.16435093482625007,1.078524629546585,-0.14294115062213616,0.5676560076830798,0.5794897893512423,1.1150208524368548,0.3199446600432336,0.11564537641649357,0.002499604766253663,0.11553438874339332,-0.06271868104064197,-0.3999257777649042,-0.06287284102473434,-0.2605678595385684,-0.15975968669899301,-0.26297799998123456,-0.08525055368444313,0.04144131076267334,-0.04567709900148546,-0.05918145462563509,0.0399442968061055,-0.05983801420354329,0.041526548651745106,-0.05417203383520163,0.3493831959703533,-0.06264204719591754,0.19964028481765247,0.3439787890345991,0.1977674278851351,0.355284915181309,0.20557541806225815,0.1943766661917737,0.8063400191925161,0.298040424219757,0.02198343512755754,1.2660589660505588,0.72271333235278,0.35583186278659285,0.34917338725440056,-0.02922377987677038,0.010930523876587963
-0.06833258354303239,-0.6450938702353669,1.2531226205545944,0.37969576772715,0.7647361473198772,1.1266958760942418,0.3426087030625561,0.2768548620991359,0.043667374623322326,0.6773698782345514,0.09122555176618473,0.1776482951526104,1.0532949911694602,0.26594761327474403,0.5041842762689479,0.7799556944831143,0.7892599610399508,0.7436007124128509,-0.20416253230118936,-0.18408235814255,-0.2042986697116366,-0.5079132663044226,-0.7196123934970929,-0.5079401951233027,-0.2605678595385684,-0.1599252066061401,-0.26297799998123456,-0.26764445562452643,-0.6261312103231287,-0.04567709900148546,-0.49195276565068324,-0.6228267680814943,-0.4925503775591927,-0.6260426268757321,-0.6875049337967906,-0.5620477257495536,-0.06264204719591754,-0.5845031384726013,-0.5572311084665431,-0.5974965450612824,-0.5651696914587075,-0.9041687659595875,0.1943766661917737,0.8063400191925161,0.298040424219757,0.02198343512755754,1.2660589660505588,0.72271333235278,0.35583186278659285,0.34917338725440056,-0.02922377987677038,0.010930523876587963
-1.9723692737627478,-0.6450938702353669,1.9514072578617803,0.12215343431918727,-1.382150797194203,0.035500245221201855,-0.4511329877703079,0.07953881670351061,-0.07665933443524618,-1.0620225764497486,-2.0400578127705797,-1.1254930168307027,-0.44786849226946873,-2.289607161080757,-2.1298925774175252,-0.7569495781945712,-0.7840958335791389,-1.2106836581953837,-1.74990075776999,-2.0032564965033854,-1.7501584522442812,-1.310098799326714,-1.2721304978404933,-1.3098964733355376,-0.32554294017112506,-0.16009072651328718,-0.32795788075688975,-0.26764445562452643,-0.6261312103231287,-0.04567709900148546,-0.49195276565068324,-0.6228267680814943,-0.4925503775591927,-0.6260426268757321,-0.6875049337967906,-0.7121175652743036,-0.06264204719591754,-0.7136147089638643,-0.7056180256460712,-0.19902633635219477,-0.4212499766198552,-0.4185566798656233,-4.849775296683054,0.8063400191925161,0.298040424219757,0.02198343512755754,1.2660589660505588,0.72271333235278,-2.47819961443353,0.34917338725440056,-0.02922377987677038,0.010930523876587963
-0.06833258354303239,0.48411589297795543,-0.7679704851363618,-0.33184896627002064,-0.5937459870619137,-0.7519299081900308,-0.3354517628314256,-0.2682950989831961,-0.07403720276084638,-0.6982524199740171,-0.10252748137352116,-0.6600854054080909,-0.7127796952292798,0.06150323132630393,-0.42673445113831976,-0.28919579955353647,-0.7563715023964237,-0.6230317145859147,-0.7904770316169414,-0.6505372654145591,-0.7906592768791915,-0.5893052527528344,-0.33777620484250664,-0.5893089207378734,-0.2605678595385684,-0.1599252066061401,-0.26297799998123456,-0.26764445562452643,0.7090138318484753,-0.04567709900148546,0.37358985639941306,0.7027153616937053,0.3728743491521061,0.7090957241792223,0.3680498994725243,0.8321064456374284,-0.06264204719591754,0.6149479647254678,0.8212886542001945,0.5858611328457394,0.8243115729648999,0.5610223391029526,0.1943766661917737,-0.5182610610276034,-0.2042020898024594,0.02198343512755754,-0.6952189563655975,-0.5672863759006459,0.001577928134077516,-0.2889703280334469,-0.02922377987677038,0.010930523876587963
-0.24142682810846106,-1.0214971246398077,0.8710045624561867,0.3959891662777538,0.5282147042801904,1.0305156417647774,0.2904185944755648,0.2893380485544177,0.06056555652500991,0.664954514532308,-0.10252748137352116,0.19094565547897074,0.6874652347011497,-0.14294115062213616,0.4830270324642373,0.7131337261058236,1.0249167760930302,0.27894568723327057,0.1689466945361074,0.002499604766253663,0.1688398984858983,-0.0046882676263706345,-0.34246329600984404,-0.004859011992575526,-0.2605678595385684,-0.15975968669899301,-0.26297799998123456,-0.08525055368444313,-0.6261312103231287,-0.04567709900148546,-0.49195276565068324,-0.6228267680814943,-0.4925503775591927,-0.6260426268757321,-0.4763939671429276,-0.7121175652743036,-0.06264204719591754,-0.7136147089638643,-0.7056180256460712,-0.6801115840915746,-0.6897527816221589,-0.6126901661837726,0.1943766661917737,0.8063400191925161,0.298040424219757,0.02198343512755754,1.2660589660505588,0.72271333235278,0.001577928134077516,0.34917338725440056,-0.02922377987677038,0.010930523876587963
0.10476166102239629,-1.0214971246398077,1.2464215734391755,0.5239631434343065,1.1619708785788383,1.4866227637232319,0.5336984707235873,0.38738530452177533,0.0725108230417201,1.2720657995720102,0.2849785849058906,0.6829479875543033,1.301386435211188,0.26594761327474403,1.0225367494843582,0.7799556944831143,1.0179856932973514,1.2355883861324064,0.9684664663303147,0.8887639285830711,0.9684225446234731,0.35612747326257976,-0.028582166086017106,0.35585361217245287,-0.13061769827345512,-0.15942864688469888,-0.1330182384299242,-0.17644750465448478,-0.6261312103231287,-0.04567709900148546,-0.49195276565068324,-0.6228267680814943,-0.4925503775591927,-0.6260426268757321,-0.4763939671429276,-0.7121175652743036,-0.06264204719591754,-0.7136147089638643,-0.7056180256460712,-0.7576201214355881,-0.7330117564333881,-0.7287716207861362,0.1943766661917737,0.8063400191925161,0.298040424219757,0.02198343512755754,1.2660589660505588,0.72271333235278,1.0643397320916235,0.34917338725440056,-0.02922377987677038,0.010930523876587963
0.10476166102239629,-1.0214971246398077,1.0803411232730342,0.45753056671661113,1.0588717880230774,1.3446186685510362,0.46979640863479083,0.3865532370699625,0.05299050946563272,1.0349323528591614,0.09122555176618473,0.9821385948974108,1.1500086049484388,0.16372542230052398,0.980222261874937,0.9135996312376956,0.9209505341578481,1.139924116242493,1.0217677844499284,0.7954729471286692,1.0217280543659781,0.4948683625683206,-0.010882970109449044,0.49455485102961855,-0.13061769827345512,-0.15942864688469888,-0.1330182384299242,-0.17644750465448478,-0.6261312103231287,-0.04567709900148546,-0.27556711013815915,-0.6228267680814943,-0.276194195881368,-0.6260426268757321,-0.2652830004890646,-0.4985060483455451,-0.06264204719591754,-0.17834616978825754,-0.49440200401586576,-0.1937649447129736,-0.520247765253867,-0.17531146700347514,0.1943766661917737,0.8063400191925161,0.298040424219757,0.02198343512755754,1.2660589660505588,0.72271333235278,1.0643397320916235,0.34917338725440056,-0.02922377987677038,0.010930523876587963
-0.760709561804747,0.10771263857351464,-0.7596694052351793,-0.2949869400490851,-1.112273766033535,-0.8151863539005464,-0.47702256919535085,-0.24005325950407932,-0.07986416203729038,-0.9478012303891094,-0.8775396139323447,-0.7199235268767125,-1.1206588489927982,-1.0629408693901166,-0.9450869243537302,-1.1578813884583152,-0.8949931583099998,-1.128685712575458,-1.0036823040953966,-1.0237011912321665,-1.0038813158492115,-0.46674443667289744,-0.16330703641934727,-0.4667831310395579,-0.2605678595385684,-0.1599252066061401,-0.26297799998123456,-0.26764445562452643,-0.6261312103231287,-0.04567709900148546,-0.49195276565068324,-0.6228267680814943,-0.4925503775591927,-0.6260426268757321,-0.4763939671429276,-0.7121175652743036,-0.06264204719591754,-0.7136147089638643,-0.7056180256460712,-0.5481375964317425,-0.6160955974918773,-0.4150379583809856,0.1943766661917737,-0.5182610610276034,-0.2042020898024594,0.02198343512755754,-0.6952189563655975,-0.5672863759006459,-1.0611838758234684,-0.2889703280334469,-0.02922377987677038,0.010930523876587963
-0.24142682810846106,0.48411589297795543,-1.1123510471595994,-0.38718974072624046,-0.9303341944645449,-1.063711863882042,-0.42955833658277215,-0.31069443046527584,-0.07170641905026878,-0.873309048175649,-0.296280514513227,-0.5537065227972082,-0.9356415008938826,-0.4496077235447963,-0.8604579491348877,-1.1578813884583152,-0.888062075514321,-1.1013530640354825,-0.7904770316169414,-0.6971827561417601,-0.7906592768791915,-0.31592182148552356,0.06542123245087901,-0.31600361911018804,-0.19559277890601176,-0.15975968669899301,-0.1979981192055794,-0.26764445562452643,-0.6261312103231287,-0.04567709900148546,-0.49195276565068324,-0.6228267680814943,-0.4925503775591927,-0.6260426268757321,-0.4763939671429276,-0.7121175652743036,-0.06264204719591754,-0.7136147089638643,-0.7056180256460712,-0.6801115840915746,-0.6897527816221589,-0.6126901661837726,0.1943766661917737,-0.5182610610276034,-0.2042020898024594,0.02198343512755754,-0.6952189563655975,-0.5672863759006459,-1.0611838758234684,0.030101529610476813,-0.02922377987677038,0.010930523876587963
-0.24142682810846106,0.48411589297795543,-0.23944088297053695,0.07052549420576913,-0.21167288676703505,-0.030118539620962104,-0.008749901991598056,0.08501410474460666,-0.026256136694005623,-0.03403046190399528,-0.10252748137352116,0.5100823033116189,-0.3721795771380942,-0.34738553257057625,0.25029735061242037,-0.2223738311762458,0.21398008899860962,0.16961509307336936,0.6486585576126318,0.4689545120382628,0.6485894861684431,0.890762951297448,0.7113030875693795,0.8903362979293246,-0.2605678595385684,-0.15975968669899301,-0.26297799998123456,-0.08525055368444313,3.3793039161916836,-0.04567709900148546,2.32106075601213,3.353799621244104,2.3200799842525286,3.3793724262891307,2.268048599357291,3.4247761685058475,-0.06264204719591754,3.1302133441195674,3.3848835021689445,3.118281572342133,3.420426157071614,2.9862821651267337,0.1943766661917737,0.1440394790824564,0.298040424219757,0.02198343512755754,-0.6952189563655975,0.72271333235278,1.4185936667441388,0.030101529610476813,-0.02922377987677038,0.010930523876587963
0.10476166102239629,0.48411589297795543,-0.21511874757150534,-0.3004291787620802,-0.4633559607708043,-0.7369617841274718,-0.26189247592535125,-0.24422283041204393,-0.0673361995929358,-0.5740987829515831,0.09122555176618473,-0.4406789600231453,-0.27126102362959476,0.26594761327474403,-0.23631925689592412,-0.4896617046854085,-0.7494404196007448,-0.6230317145859147,-0.5239704410188722,-0.37066432105135366,-0.5241317281666665,-0.35735179067625084,-0.13435674486272273,-0.3574217481226442,-0.06564261764089849,-0.15942864688469888,-0.06803835765426901,-0.08525055368444313,1.0428000923913763,-0.04567709900148546,0.5899755119119371,1.0341008941375052,0.5892305308299308,1.0428803119429608,0.5791608661263873,1.1360228758118545,-0.06264204719591754,0.8764204079704475,1.1217968862114163,0.8090417339937203,1.1077959660844225,0.7531193132354893,0.1943766661917737,-0.5182610610276034,-0.2042020898024594,0.02198343512755754,-0.6952189563655975,-0.5672863759006459,0.001577928134077516,0.030101529610476813,-0.02922377987677038,0.010930523876587963
-0.24142682810846106,0.48411589297795543,-1.1280919646962317,-0.3934477400466474,-0.9363988468501779,-1.0724196705583289,-0.4353115768994484,-0.3154889963203394,-0.07316315886937978,-0.8720675118054246,-0.296280514513227,-0.507165761654947,-1.0786094516975901,-0.4496077235447963,-0.8393007053301771,-1.1578813884583152,-0.8811309927186423,-1.0603540912255196,-0.7904770316169414,-0.6971827561417601,-0.7906592768791915,-0.305153781960208,0.0836489190952025,-0.3052386569588146,-0.2605678595385684,-0.1599252066061401,-0.26297799998123456,-0.26764445562452643,-0.6261312103231287,-0.04567709900148546,-0.49195276565068324,-0.6228267680814943,-0.4925503775591927,-0.6260426268757321,-0.4763939671429276,-0.7121175652743036,-0.06264204719591754,-0.7136147089638643,-0.7056180256460712,-0.6801115840915746,-0.6897527816221589,-0.6126901661837726,0.1943766661917737,-0.5182610610276034,-0.2042020898024594,0.02198343512755754,-0.6952189563655975,-0.5672863759006459,-1.0611838758234684,-0.2889703280334469,-0.02922377987677038,0.010930523876587963
-0.06833258354303239,-1.0214971246398077,1.4222831905006341,0.5431642945491407,1.0224838737092794,1.515466048010254,0.48890538540089395,0.40209626545347327,0.05648668503149912,1.0734199803361157,0.09122555176618473,1.0353280362028523,1.276156796834063,0.06150323132630393,0.9590650180702264,0.846777662860405,0.8793640373837753,1.3449189802923076,1.3948770112872253,1.1686368729462766,1.394866622563513,0.7758261364947058,0.2730034464871396,0.7754323306619235,-0.06564261764089849,-0.15926312697755182,-0.06803835765426901,-0.19468689484849314,-0.6261312103231287,-0.04567709900148546,-0.49195276565068324,-0.6228267680814943,-0.4925503775591927,-0.6260426268757321,-0.4763939671429276,-0.7121175652743036,-0.06264204719591754,-0.7136147089638643,-0.7056180256460712,-0.7198110704918589,-0.7119098175010813,-0.6721465289076191,0.1943766661917737,0.8063400191925161,0.298040424219757,0.02198343512755754,1.2660589660505588,0.72271333235278,0.35583186278659285,0.34917338725440056,-0.02922377987677038,0.010930523876587963
-0.760709561804747,0.10771263857351464,-0.8617726571675292,-0.30030261519582463,-1.112273766033535,-0.8151863539005464,-0.48154297230131077,-0.2441258637423153,-0.08102955389257918,-0.9564919849806798,-0.8775396139323447,-0.7332208872030728,-1.1500934270994438,-1.0629408693901166,-0.9450869243537302,-1.1578813884583152,-0.9019242411056787,-1.128685712575458,-1.0036823040953966,-1.0237011912321665,-1.0038813158492115,-0.46674443667289744,-0.16330703641934727,-0.4667831310395579,-0.2605678595385684,-0.1599252066061401,-0.26297799998123456,-0.26764445562452643,1.0428000923913763,-0.04567709900148546,0.5899755119119371,1.0341008941375052,0.5892305308299308,1.0428803119429608,0.5791608661263873,1.3560395887843069,-0.06264204719591754,1.0657102975056048,1.339346274345272,1.1800932145039937,1.4299373293347413,1.2059193271731992,0.1943766661917737,-0.5182610610276034,-0.2042020898024594,0.02198343512755754,-0.6952189563655975,-0.5672863759006459,-1.415437810475984,0.030101529610476813,-0.02922377987677038,0.010930523876587963
0.10476166102239629,-1.0214971246398077,0.9479206985706763,0.3363867926243262,0.8951261736109866,1.1207036389858658,0.35267687361673944,0.24367369306821737,0.04949433389976632,0.7518620604480118,0.2849785849058906,0.2773784976003129,0.9565813773904815,0.16372542230052398,0.6840208486089883,0.9804215996149863,0.7961910438356296,1.0852588191625423,0.9684664663303147,0.8421184378558701,0.9684225446234731,0.46490813076765225,0.07461275717639462,0.4646031814966151,-0.13061769827345512,-0.15942864688469888,-0.1330182384299242,-0.17644750465448478,0.04144131076267334,-0.04567709900148546,-0.05918145462563509,0.0399442968061055,-0.05983801420354329,0.041526548651745106,-0.05417203383520163,0.07754243142188429,-0.06264204719591754,-0.03423607665210189,0.07518651776399071,-0.08822824352301874,0.05351517889081194,-0.09560003693118628,0.1943766661917737,0.8063400191925161,0.298040424219757,0.02198343512755754,1.2660589660505588,0.72271333235278,0.7100857974391082,0.34917338725440056,-0.02922377987677038,0.010930523876587963
0.4509501501532536,-0.6450938702353669,1.1116156756478104,0.44732433215096645,1.2104880976639023,1.1354051317495595,0.5821900676784296,0.3286684832281823,0.0736762148970089,1.402427118445566,0.6724846511853023,0.6895966677174834,1.4191247476377706,0.6748363771716241,1.6678326855280325,0.9804215996149863,1.0665032728671031,1.0442598463525792,0.595357239493018,0.6555364749470665,0.5952839764259382,-0.0071545736906668805,-0.2777905361680791,-0.007324613216775516,-0.13061769827345512,-0.15942864688469888,-0.1330182384299242,-0.17644750465448478,-0.6261312103231287,-0.04567709900148546,-0.49195276565068324,-0.6228267680814943,-0.4925503775591927,-0.6260426268757321,-0.4763939671429276,-0.37569749744123104,-0.06264204719591754,-0.42417798110262306,-0.37297066025161196,-0.5415358597993583,-0.43649125099995423,-0.5625055707039286,0.1943766661917737,0.8063400191925161,0.298040424219757,0.02198343512755754,1.2660589660505588,0.72271333235278,0.35583186278659285,0.34917338725440056,-0.02922377987677038,0.010930523876587963
-0.4145210726738897,0.10771263857351464,0.043193745175902576,-0.24089467936928174,-0.7544592752811881,-0.6368060598730345,-0.3403831116742909,-0.19861047678710764,-0.07520259461613518,-0.7069431745655874,-0.49003354765293294,-0.7997076888348744,-0.41002403470378146,-0.34738553257057625,-0.45847031684538575,-0.6901276098172805,-0.7840958335791389,-0.7323623087458159,-0.7371757134973276,-0.6971827561417601,-0.7373537671366864,-0.425430409560129,-0.23359431734652625,-0.4254809109702332,-0.2605678595385684,-0.1599252066061401,-0.26297799998123456,-0.26764445562452643,0.04144131076267334,-0.04567709900148546,-0.05918145462563509,0.0399442968061055,-0.05983801420354329,0.041526548651745106,-0.05417203383520163,0.13532244304430197,-0.06264204719591754,0.015474565187715854,0.1323185692568148,0.07417877145136745,0.17437176300598628,0.1206048874028485,0.1943766661917737,-0.5182610610276034,-0.2042020898024594,0.02198343512755754,-0.6952189563655975,-0.5672863759006459,0.001577928134077516,-0.2889703280334469,-0.02922377987677038,0.010930523876587963
-0.06833258354303239,-0.2686906158309261,1.4221757555902634,0.44027197011082353,0.7677684735126936,1.1552921390630326,0.39212766435966206,0.323265316416554,0.05269916150181052,0.8064896607378828,0.09122555176618473,0.6231098660856818,1.0827295692761059,-0.040718959647916116,0.6840208486089883,0.9804215996149863,0.9070883685664906,0.9895945492726287,0.1689466945361074,0.1424360769478564,0.1688398984858983,-0.1621711830388527,-0.4210807330779296,-0.16229692071474242,-0.19559277890601176,-0.15959416679184596,-0.1979981192055794,-0.1460485211194002,-0.6261312103231287,-0.04567709900148546,-0.49195276565068324,-0.6228267680814943,-0.4925503775591927,-0.6260426268757321,-0.6875049337967906,-0.7121175652743036,-0.06264204719591754,-0.7136147089638643,-0.7056180256460712,-0.7198110704918589,-0.7119098175010813,-1.068522220811449,0.1943766661917737,0.8063400191925161,0.298040424219757,0.02198343512755754,1.2660589660505588,0.72271333235278,0.35583186278659285,0.34917338725440056,-0.02922377987677038,0.010930523876587963
-0.06833258354303239,0.8605191473823962,-0.12115527332124688,0.1486495870938142,0.14614160398531167,0.28451147143441746,0.11741043923837309,0.1452394930334028,-0.011688738502895634,0.14847538451898268,0.09122555176618473,1.101814837834654,-0.16613753039157453,-0.040718959647916116,0.5993918733901458,0.044914042332916904,0.3387395793208282,0.7299343881428632,1.0217677844499284,0.8421184378558701,1.0217280543659781,0.9959375294988456,0.7229524301402751,0.9954808185231542,-0.13061769827345512,-0.15926312697755182,-0.1330182384299242,-0.024452586249486055,3.7130901767345845,-0.04567709900148546,2.537446411524654,3.685185153687904,2.536436165930353,3.7131570140528694,2.479159566011154,3.6864921414768292,-0.06264204719591754,3.3429436677126385,3.643664523917155,3.295779549938485,3.6639050211030875,3.136461177939329,0.1943766661917737,0.1440394790824564,0.298040424219757,0.02198343512755754,-0.6952189563655975,0.72271333235278,1.4185936667441388,0.030101529610476813,-0.02922377987677038,0.010930523876587963
-0.06833258354303239,-0.2686906158309261,0.9369666255387679,0.3723999569974451,0.7253159068132627,1.0958241918369234,0.3280201294024129,0.27126517708661424,0.043667374623322326,0.7046836783794869,0.09122555176618473,0.49013626282207834,0.8346381252343781,0.06150323132630393,0.5464987638783692,0.9804215996149863,0.525878814804156,0.5522721726330236,-0.044258577942347894,-0.09079137668814817,-0.04438214048412163,-0.3900438941946417,-0.6870079608151795,-0.3901045086378595,-0.19559277890601176,-0.15959416679184596,-0.1979981192055794,-0.1460485211194002,0.3752275713055744,-0.04567709900148546,0.157204200886889,0.3713298292499054,0.1565181674742814,0.3753111364154837,-0.05417203383520163,0.4723724384562384,-0.06264204719591754,0.3054532469769444,0.46558879805787184,0.2816988524707245,0.46644182765774533,-0.09560003693118628,0.1943766661917737,0.8063400191925161,0.298040424219757,0.02198343512755754,1.2660589660505588,0.72271333235278,0.35583186278659285,0.34917338725440056,-0.02922377987677038,0.010930523876587963
-0.4145210726738897,-1.0214971246398077,0.6143662548088744,0.2943713155850343,0.36750141606091596,1.0154444381699068,0.13939603616281432,0.21148353751164956,0.012784490458169148,0.3421550582739797,-0.296280514513227,-0.0018660692532541684,0.31743053850331854,-0.4496077235447963,0.440712544854816,0.44584585259666093,0.29022199975107654,0.11494979599341873,0.27554933077533506,0.09579058622065549,0.27545091797090826,0.12818221734292767,-0.2101911999170943,0.12797350021787862,-0.19559277890601176,-0.15959416679184596,-0.1979981192055794,-0.1460485211194002,-0.2923449497802277,-0.04567709900148546,-0.27556711013815915,-0.2914412356376944,-0.276194195881368,-0.2922580391119935,-0.2652830004890646,-0.2778045627482702,-0.06264204719591754,-0.3399564574558124,-0.2761755224761121,-0.2731917833814946,-0.23553347342916411,-0.2064050669497983,0.1943766661917737,0.8063400191925161,0.298040424219757,0.02198343512755754,1.2660589660505588,0.72271333235278,0.7100857974391082,0.34917338725440056,-0.02922377987677038,0.010930523876587963
-0.9338038063701757,-0.6450938702353669,-0.809775629490375,-0.31720941479381576,-1.2153728565892956,-0.7908672541112227,-0.5394863212049783,-0.2570790073782688,-0.08452572945844558,-1.070713331041319,-1.0712926470720505,-0.8329510896507754,-1.322495956009797,-1.3696074423127766,-1.5163325070809173,-1.3583472935901872,-0.9920283174495031,-1.2926816038153097,-1.0569836222150104,-1.1169921726865684,-1.0571868255917163,-0.5283094641621575,-0.2777905361680791,-0.5283305639972512,-0.2605678595385684,-0.1599252066061401,-0.26297799998123456,-0.26764445562452643,-0.6261312103231287,-0.04567709900148546,-0.49195276565068324,-0.6228267680814943,-0.4925503775591927,-0.6260426268757321,-0.6875049337967906,-0.7121175652743036,-0.06264204719591754,-0.7136147089638643,-0.7056180256460712,-0.49925834114007156,-0.5888151495042613,-0.7932613195931608,0.1943766661917737,-0.5182610610276034,-0.2042020898024594,0.02198343512755754,-0.6952189563655975,-0.5672863759006459,-1.0611838758234684,0.34917338725440056,-0.02922377987677038,0.010930523876587963
